maps/1-1.jpg
1350.0
270.0
36.0
49.0
30.0
class entities.StaticPathEntity;224.75;43.666668;0.0,0.0 0.0,58.0 47.0,60.0 46.0,1.0;0.0,10.0 0.0,0.33333206 7.8333282,0.0 7.666664,9.833332;7.8333335;10.0
class entities.StaticPathEntity;231.41667;44.083332;0.0,0.0 0.0,13.0 0.0,70.0 35.0,73.0 32.0,0.0;0.0,12.166668 0.0,10.0 0.0,0.5 5.833336,0.0 5.333336,12.166668;5.8333335;12.166667
class entities.StaticPathEntity;178.08333;43.083332;512.0,1.0 515.0,49.0 0.0,43.0 1.0,0.0;85.333336,8.0 85.833336,0.0 0.0,1.0 0.16666667,8.166668;85.833336;8.166667
class entities.StaticPathEntity;222.83333;43.916668;27.0,0.0 0.0,3.0 1.0,37.0 52.0,37.0;4.5,6.166668 0.0,5.666668 0.16666412,0.0 8.666664,0.0;8.666667;6.1666665
class entities.StaticPathEntity;90.75;43.25;539.0,0.0 1.0,1.0 0.0,45.0 539.0,43.0;89.833336,7.5 0.16666669,7.333332 0.0,0.0 89.833336,0.33333206;89.833336;7.5
class entities.StaticPathEntity;32.666668;43.083332;163.0,0.0 0.0,0.0 1.0,47.0 164.0,46.0;27.166666,7.833332 0.0,7.833332 0.16666603,0.0 27.333334,0.16666412;27.333334;7.8333335
class entities.StaticPathEntity;15.416667;65.33333;49.0,310.0 43.0,0.0 0.0,0.0 7.0,312.0;8.166667,0.33333588 7.166667,52.000004 0.0,52.000004 1.166666,0.0;8.166667;52.0
class entities.StaticPathEntity;135.08333;45.5;23.0,0.0 0.0,3.0 2.0,18.0 73.0,20.0;3.8333359,3.3333359 0.0,2.8333359 0.33333588,0.33333588 12.166668,0.0;12.166667;3.3333333

