maps/1-2.jpg
603.0
567.0
36.0
49.0
30.0
class entities.StaticPathEntity;30.416666;3.75;0.0,2.0 1.0,15.0 75.0,10.0 77.0,0.0;0.0,2.1666641 0.16666603,0.0 12.499998,0.8333359 12.833334,2.5;12.833333;2.5
class entities.StaticPathEntity;37.333332;8.25;0.0,8.0 4.0,17.0 80.0,12.0 78.0,0.0;0.0,1.5 0.66666603,0.0 13.333332,0.83332825 13.0,2.8333282;13.333333;2.8333333
class entities.StaticPathEntity;48.0;11.916664;1.0,2.0 0.0,11.0 77.0,17.0 80.0,0.0;0.16666412,2.5 0.0,1.0 12.833332,0.0 13.333332,2.8333359;13.333333;2.8333333
class entities.StaticPathEntity;57.666668;16.083336;1.0,4.0 0.0,11.0 75.0,8.0 76.0,0.0;0.16666412,1.1666718 0.0,0.0 12.499996,0.5 12.666668,1.8333359;12.666667;1.8333334
class entities.StaticPathEntity;69.916664;19.583336;0.0,0.0 1.0,6.0 85.0,7.0 85.0,0.0;0.0,1.1666641 0.16666412,0.16666412 14.166668,0.0 14.166668,1.1666641;14.166667;1.1666666
class entities.DynamicPathEntity;81.833336;5.166664;0.0,3.0 0.0,52.0 42.0,54.0 41.0,0.0;0.0,8.5 0.0,0.33333588 7.000004,0.0 6.833332,9.0;7.0;9.0
class entities.DynamicPathEntity;91.5;5.166664;0.0,2.0 2.0,48.0 49.0,47.0 50.0,0.0;0.0,7.6666718 0.33332825,0.0 8.166664,0.16667175 8.333328,8.0;8.333333;8.0
class entities.DynamicPathEntity;83.666664;14.333336;0.0,7.0 3.0,38.0 48.0,34.0 47.0,0.0;0.0,5.1666718 0.5,0.0 7.999996,0.66667175 7.833332,6.333336;8.0;6.3333335
class entities.DynamicPathEntity;95.666664;12.583336;0.0,4.0 0.0,42.0 55.0,45.0 56.0,0.0;0.0,6.8333282 0.0,0.5 9.166664,0.0 9.333336,7.5;9.333333;7.5
class entities.DynamicPathEntity;102.666664;4.75;0.0,8.0 1.0,39.0 41.0,37.0 48.0,0.0;0.0,5.166664 0.16667175,0.0 6.833336,0.33333588 8.0,6.5;8.0;6.5
class entities.DynamicPathEntity;107.416664;12.583336;0.0,0.0 1.0,59.0 59.0,56.0 59.0,9.0;0.0,9.833336 0.16666412,0.0 9.833336,0.5 9.833336,8.333336;9.833333;9.833333
class entities.DynamicPathEntity;87.083336;22.333336;7.0,2.0 0.0,56.0 76.0,62.0 77.0,0.0;1.1666641,10.0 0.0,1.0 12.666668,0.0 12.833332,10.333336;12.833333;10.333333
class entities.DynamicPathEntity;105.5;27.75;0.0,29.0 2.0,103.0 110.0,121.0 107.0,0.0;0.0,15.333336 0.33332825,3.0 18.333328,0.0 17.833328,20.166668;18.333334;20.166666
class entities.DynamicPathEntity;86.666664;37.5;0.0,9.0 12.0,98.0 62.0,96.0 58.0,0.0;0.0,14.833332 2.0,0.0 10.333336,0.33332825 9.666664,16.333332;10.333333;16.333334
class entities.DynamicPathEntity;109.25;50.166668;0.0,21.0 10.0,196.0 67.0,182.0 69.0,0.0;0.0,29.166664 1.6666641,0.0 11.166664,2.333332 11.5,32.666664;11.5;32.666668
class entities.DynamicPathEntity;115.5;3.9166641;2.0,0.0 0.0,34.0 90.0,39.0 86.0,1.0;0.33333588,6.5 0.0,0.8333359 15.0,0.0 14.333336,6.333336;15.0;6.5
class entities.DynamicPathEntity;122.583336;19.833336;7.0,0.0 0.0,132.0 61.0,132.0 59.0,3.0;1.1666718,22.0 0.0,0.0 10.166672,0.0 9.833336,21.5;10.166667;22.0
class entities.DynamicPathEntity;123.583336;40.75;0.0,28.0 6.0,89.0 73.0,87.0 60.0,0.0;0.0,10.166664 1.0,0.0 12.166672,0.33332825 10.0,14.833332;12.166667;14.833333
class entities.DynamicPathEntity;74.25;24.916664;0.0,0.0 3.0,42.0 31.0,43.0 41.0,0.0;0.0,7.166664 0.5,0.16666412 5.166668,0.0 6.833332,7.166664;6.8333335;7.1666665
class entities.Wall;0.0;60.0;1.0;120.0
class entities.Wall;213.33333;60.0;1.0;120.0
class entities.Wall;106.666664;120.0;213.33333;1.0
class entities.Wall;106.666664;0.0;213.33333;1.0
class entities.StaticPathEntity;37.0;9.333336;1.0,12.0 0.0,0.0 72.0,5.0;0.16666603,0.0 0.0,2.0 11.999998,1.1666641;12.0;2.0
class entities.StaticPathEntity;47.25;14.25;0.0,15.0 0.0,0.0 69.0,13.0;0.0,0.0 0.0,2.5 11.5,0.33333588;11.5;2.5
class entities.StaticPathEntity;57.416668;16.666664;0.0,10.0 3.0,0.0 75.0,3.0;0.0,0.0 0.5,1.6666641 12.5,1.1666641;12.5;1.6666666
class entities.StaticPathEntity;47.583332;12.583336;0.0,0.0 0.0,10.0 69.0,13.0 62.0,2.0;0.0,2.1666641 0.0,0.5 11.5,0.0 10.333332,1.8333359;11.5;2.1666667

