maps/2-2.jpg
1150.0
100.0
36.0
49.0
30.0
class entities.Wall;0.0;60.0;1.0;120.0
class entities.Wall;213.33333;60.0;1.0;120.0
class entities.Wall;106.666664;120.0;213.33333;1.0
class entities.Wall;106.666664;0.0;213.33333;1.0
class entities.StaticPathEntity;182.91667;87.583336;0.0,2.0 2.0,141.0 45.0,140.0 45.0,0.0;0.0,23.166664 0.33332825,0.0 7.5,0.16666412 7.5,23.5;7.5;23.5
class entities.StaticPathEntity;191.41667;71.666664;0.0,2.0 3.0,47.0 141.0,50.0 138.0,0.0;0.0,8.0 0.5,0.5 23.5,0.0 23.0,8.333336;23.5;8.333333
class entities.BouncyBall;110.0;50.0;0.0;0.0;8;0x0000ffff

