maps/menu.jpg
1190.0
352.0
20.0
20.0
30.0
class entities.StaticPathEntity;198.41667;34.583336;88.0,0.0 0.0,0.0 1.0,19.0 89.0,21.0;14.666672,3.4999962 0.0,3.4999962 0.16667175,0.33332825 14.833336,0.0;14.833333;3.5
class entities.StaticPathEntity;176.25;20.666664;179.0,0.0 0.0,173.0 151.0,186.0;29.833332,31.000004 0.0,2.1666718 25.166668,0.0;29.833334;31.0
class entities.StaticPathEntity;196.0;31.666664;25.0,0.0 0.0,32.0 32.0,50.0 110.0,38.0;4.166664,8.333336 0.0,3.0 5.333336,0.0 18.333336,2.0;18.333334;8.333333
class entities.StaticPathEntity;174.25;4.5;0.0,0.0 3.0,29.0 149.0,30.0 148.0,8.0;0.0,5.0 0.5,0.16666412 24.833336,0.0 24.666664,3.6666641;24.833334;5.0
class entities.StaticPathEntity;164.33333;6.333336;48.0,16.0 0.0,39.0 71.0,46.0 128.0,0.0;8.0,5.0 0.0,1.1666641 11.833336,0.0 21.333336,7.666664;21.333334;7.6666665
class entities.StaticPathEntity;160.83333;2.75;8.0,0.0 0.0,13.0 94.0,12.0;1.3333321,2.1666718 0.0,0.0 15.666664,0.16667175;15.666667;2.1666667
class entities.StaticPathEntity;159.91667;3.9166641;45.0,22.0 0.0,23.0 33.0,0.0;7.5,0.16666412 0.0,0.0 5.5,3.8333359;7.5;3.8333333
class entities.StaticPathEntity;197.33333;30.333336;99.0,0.0 104.0,48.0 0.0,47.0;16.5,8.0 17.333328,0.0 0.0,0.16666412;17.333334;8.0
class entities.StaticPathEntity;195.33333;29.583336;102.0,0.0 98.0,54.0 0.0,63.0 32.0,3.0;17.0,10.5 16.333336,1.5 0.0,0.0 5.333336,10.0;17.0;10.5
class entities.StaticPathEntity;208.83333;31.25;4.0,0.0 50.0,0.0 49.0,57.0 0.0,59.0;0.6666641,9.833332 8.333328,9.833332 8.166664,0.33332825 0.0,0.0;8.333333;9.833333
class entities.BouncyBall;30.0;90.0;0.0;0.0;8;0xff0000ff
class entities.Creature;30.0;30.0;10.0;10.0
class entities.Wall;0.0;60.0;1.0;120.0
class entities.Wall;213.33333;60.0;1.0;120.0
class entities.Wall;106.666664;120.0;213.33333;1.0
class entities.Wall;106.666664;0.0;213.33333;1.0

